compare_num: -1
far:0.264141(2559/9688), frr:0.100169(355/3544), war:0.027560(267/9688), acc:0.7596(3181/13232)
