compare_num: -1
far:0.038230(374/9783), frr:0.587333(881/1500), war:0.056016(548/9783), acc:0.8402(1803/11283)
