compare_num: 100
far:0.060643(651/10735), frr:0.375912(206/548), war:0.104611(1123/10735), acc:0.8245(1980/11283)
