compare_num: -1
far:0.259992(2498/9608), frr:0.103201(374/3624), war:0.028622(275/9608), acc:0.7622(3147/13232)
