compare_num: 100
far:0.081182(909/11197), frr:0.023256(2/86), war:0.112798(1263/11197), acc:0.8073(2174/11283)
