compare_num: 100
far:0.081250(910/11200), frr:0.000000(0/83), war:0.113482(1271/11200), acc:0.8067(2181/11283)
