compare_num: -1
far:0.002920(38/13015), frr:0.944793(753/797), war:0.040108(522/13015), acc:0.9049(1313/13812)
