compare_num: -1
far:0.003686(48/13023), frr:0.956907(755/789), war:0.040697(530/13023), acc:0.9035(1333/13812)
