compare_num: -1
far:0.002938(38/12934), frr:0.949886(834/878), war:0.038117(493/12934), acc:0.9012(1365/13812)
