compare_num: -1
far:0.037495(364/9708), frr:0.600635(946/1575), war:0.055006(534/9708), acc:0.8366(1844/11283)
