compare_num: 100
far:0.079785(892/11180), frr:0.019417(2/103), war:0.113596(1270/11180), acc:0.8082(2164/11283)
