compare_num: -1
far:0.261966(2534/9673), frr:0.096937(345/3559), war:0.025225(244/9673), acc:0.7640(3123/13232)
