compare_num: 100
far:0.081168(909/11199), frr:0.000000(0/84), war:0.115278(1291/11199), acc:0.8050(2200/11283)
