compare_num: -1
far:0.003313(43/12981), frr:0.953069(792/831), war:0.040829(530/12981), acc:0.9012(1365/13812)
