compare_num: -1
far:0.041436(405/9774), frr:0.610338(921/1509), war:0.057193(559/9774), acc:0.8329(1885/11283)
