compare_num: -1
far:0.261747(2529/9662), frr:0.098319(351/3570), war:0.025978(251/9662), acc:0.7634(3131/13232)
