compare_num: -1
far:0.040586(396/9757), frr:0.608781(929/1526), war:0.054935(536/9757), acc:0.8351(1861/11283)
