compare_num: -1
far:0.003233(42/12991), frr:0.951279(781/821), war:0.041644(541/12991), acc:0.9012(1364/13812)
