compare_num: 100
far:0.081093(908/11197), frr:0.011628(1/86), war:0.110655(1239/11197), acc:0.8096(2148/11283)
