compare_num: -1
far:0.003152(41/13009), frr:0.948941(762/803), war:0.038742(504/13009), acc:0.9054(1307/13812)
