compare_num: -1
far:0.042460(415/9774), frr:0.616965(931/1509), war:0.055351(541/9774), acc:0.8328(1887/11283)
