compare_num: -1
far:0.264087(2559/9690), frr:0.099661(353/3542), war:0.027141(263/9690), acc:0.7601(3175/13232)
