compare_num: -1
far:0.260302(2514/9658), frr:0.095132(340/3574), war:0.027956(270/9658), acc:0.7639(3124/13232)
