compare_num: -1
far:0.002918(38/13024), frr:0.944162(744/788), war:0.041999(547/13024), acc:0.9038(1329/13812)
