compare_num: -1
far:0.261996(2528/9649), frr:0.101312(363/3583), war:0.025184(243/9649), acc:0.7631(3134/13232)
