compare_num: -1
far:0.256606(2457/9575), frr:0.100082(366/3657), war:0.025587(245/9575), acc:0.7681(3068/13232)
