compare_num: 100
far:0.080929(906/11195), frr:0.011364(1/88), war:0.114337(1280/11195), acc:0.8062(2187/11283)
