compare_num: 100
far:0.081257(910/11199), frr:0.011905(1/84), war:0.114832(1286/11199), acc:0.8053(2197/11283)
