compare_num: -1
far:0.003156(41/12992), frr:0.950000(779/820), war:0.040025(520/12992), acc:0.9030(1340/13812)
