compare_num: 100
far:0.080765(904/11193), frr:0.011111(1/90), war:0.115965(1298/11193), acc:0.8048(2203/11283)
