compare_num: -1
far:0.040049(390/9738), frr:0.609709(942/1545), war:0.052167(508/9738), acc:0.8369(1840/11283)
