compare_num: -1
far:0.040016(391/9771), frr:0.601852(910/1512), war:0.054549(533/9771), acc:0.8375(1834/11283)
