compare_num: -1
far:0.038540(376/9756), frr:0.595940(910/1527), war:0.055556(542/9756), acc:0.8380(1828/11283)
