compare_num: -1
far:0.041338(404/9773), frr:0.609934(921/1510), war:0.055357(541/9773), acc:0.8346(1866/11283)
