compare_num: -1
far:0.262739(2542/9675), frr:0.098679(351/3557), war:0.024703(239/9675), acc:0.7633(3132/13232)
