compare_num: 100
far:0.081429(912/11200), frr:0.024096(2/83), war:0.114554(1283/11200), acc:0.8053(2197/11283)
