compare_num: -1
far:0.266063(2584/9712), frr:0.101136(356/3520), war:0.026668(259/9712), acc:0.7582(3199/13232)
