compare_num: 100
far:0.080922(906/11196), frr:0.000000(0/87), war:0.113433(1270/11196), acc:0.8071(2176/11283)
