compare_num: -1
far:0.002619(34/12981), frr:0.942238(783/831), war:0.040136(521/12981), acc:0.9031(1338/13812)
