compare_num: -1
far:0.002773(36/12982), frr:0.944578(784/830), war:0.040518(526/12982), acc:0.9025(1346/13812)
